ds  antcnt  evap    alpha   beta    maxnotc maxiter repeat
#A   30      0.1     1       2       10      100     8
#B   30      0.1     1       2       10      100     8
#B   30      0.1     1       1       10      100     8
#B   30      0.1     1       1.5       10      100     8
#B   30      0.1     1       2.5       10      100     8
#B   30      0.1     1       3.0       10      100     8
# alpha
#B   30      0.1     1.5       2       10      100     8
#B   30      0.1     2.0       2       10      100     8
#B   30      0.1     0.5       2       10      100     8
# evap
#B   30      0.2     1       2       10      100     8
#B   30      0.4     1       2       10      100     8
#B   30      0.6     1       2       10      100     8
#B   30      0.8     1       2       10      100     8
# alpha append
#B   30      0.1     2.0       2       10      100     8
#B   30      0.1     2.5       2       10      100     8
# QAQ new era!
#B   45      0.5     1       5       10      100     10
# alpha
#B   45      0.5     0.5       5       10      100     10
#B   45      0.5     1.5       5       10      100     10
#B   45      0.5     2       5       10      100     10
#B   45      0.5     4       5       10      100     10
# beta
#B   45      0.5     1       2       10      100     10
#B   45      0.5     1       4       10      100     10
#B   45      0.5     1       6       10      100     10
#B   45      0.5     1       8       10      100     10
# evap
#B   45      0.0     1       5       10      100     10
#B   45      0.2     1       5       10      100     10
#B   45      0.8     1       5       10      100     10